%YAML:1.0
---
width: 960
height: 1280
K: !!opencv-matrix
   rows: 3
   cols: 3
   dt: d
   data: [ 8.8955732605462276e+02, 0., 4.8166927965481921e+02, 0.,
       8.8637940673852438e+02, 6.3979820385886330e+02, 0., 0., 1. ]
D: !!opencv-matrix
   rows: 8
   cols: 1
   dt: d
   data: [ 6.4746161656714304e-02, -1.6113027268253358e-01,
       -1.7375968778775388e-03, -8.8145157549919214e-04,
       9.9579252822477815e-02, 0., 0., 0. ]
